
ans =

   256   256

